0
0.410714286
0.016129032
0.813333333
1.370967742
0.790333333
0.241935484
0.471612903
1.48
7.651612903
4.226666667
4.661290323
0
0
0.058064516
4.813333333
0.725806452
1.423333333
2.635483871
3.541935484
0.746666667
1.703225806
1.48
0
0
0
1.490322581
0.853333333
2.219354839
0.336666667
1.916129032
0.506451613
1.91
6.874193548
2.26
0.583870968
27.62580645
29.71785714
32.19677419
33.38333333
31.31290323
31.45
30.75806452
30.67096774
31.3
31.02258065
27.82333333
27.95806452
0.883870968
0
0.241935484
3.07
0.622580645
3.593333333
2.161290323
0.758064516
0.986666667
2.629032258
0.87
0.032258065
0
0
0
0.416666667
1.112903226
1.66
2.422580645
0.503225806
5.156666667
2.584193548
10.22
0.261290323
0
0.625
1.280645161
0.333333333
1.793548387
0.73
0.983870968
0.932258065
0.81
4.983870968
8.256666667
0.938709677
2.34516129
1.035714286
0.193548387
4.61
1.003225806
0.933333333
4.058064516
0.025806452
1.63
8.422580645
5.73
0.058064516
0.126666667
0
0
0.533333333
4.070967742
0.266666667
1.183870968
1.574193548
0.933333333
3.225806452
3.66
0
0
0
0
5.583333333
0.222580645
1.88
1.538709677
1.167741935
1.76
6.374193548
2.046666667
3.780645161
0
0
0.338709677
0.983333333
1.709677419
0.566666667
3.919354839
0.790322581
0.55
8.35483871
9.97
1.203225806
0
0
0
3.2
1.693548387
1.926666667
1.661290323
0.819354839
5.683333333
0.967741935
10.12333333
5.212903226
0
0.107142857
0
0.966666667
1.064516129
0.8
0.832258065
0.706451613
0.933333333
9.874193548
3.473333333
0.748387097
0.064516129
1.272413793
0
0.663333333
0.448387097
0.913333333
0.506451613
5.277419355
7.013333333
1.187096774
2.51
0.729032258
0
0
0
3.2
0.209677419
1.753333333
0.641935484
0.735483871
3.12
9.248387097
4.553333333
0.551612903
0
0
2.232258065
0.1
0.938709677
0.226666667
0.209677419
2.219354839
0.663333333
7.34516129
3.323333333
0.05483871
0
0.892857143
3.841935484
2.1
0.629032258
1.133333333
1.422580645
0.793548387
0
6.777419355
3.3
0.193548387
0.322580645
0
0.016129032
3.82
5.406451613
1.726666667
1.496774194
0.870967742
3.23
9.316129032
5.193333333
0.012903226
0.316129032
0.017857143
1.490322581
2.573333333
3.367741935
0.38
1.45483871
2.080645161
0.846666667
10.74516129
6.526666667
1.938709677
0.909677419
0
4.883870968
0.973333333
2.24516129
2.086666667
0.280645161
0.193548387
2.31
6.509677419
9.906666667
0.019354839